SRR13258790.249898	CP135021.1	345	344	1	344	3.05e-172	619	1470492
SRR13258790.255317	CP135021.1	294	295	1	293	2.08e-138	507	1470492
SRR13258790.48043	CP135018.1	321	320	1	320	1.33e-160	580	1470492
SRR13258790.106241	CP135021.1	289	289	1	289	5.65e-139	508	1470492
SRR13258790.517426	CP135018.1	324	324	1	324	1.73e-164	593	1470492
SRR13258790.216500	CP135021.1	222	222	1	222	1.20e-109	411	1470492
SRR13258790.595739	CP135021.1	238	238	1	238	7.76e-117	435	1470492
SRR13258790.684284	CP135021.1	305	305	1	305	2.12e-153	556	1470492
SRR13258790.661569	CP135021.1	215	221	1	215	7.26e-102	385	1470492
SRR13258790.580580	XM_026963364.1	336	348	1	335	2.42e-163	590	43146
SRR13258790.169270	CP135021.1	344	343	1	343	2.35e-173	623	1470492
SRR13258790.543227	CP135018.1	422	421	1	421	0.0	750	1470492
SRR13258790.706632	CP135018.1	220	219	1	219	9.28e-101	381	1470492
SRR13258790.413759	CP135021.1	235	237	1	235	7.72e-117	435	1470492
SRR13258790.326291	CP135021.1	247	247	1	247	6.27e-118	438	1470492
SRR13258790.321229	CP135021.1	210	209	1	209	8.77e-101	381	1470492
SRR13258790.105243	CP135021.1	214	214	1	214	1.17e-99	377	1470492
SRR13258790.81748	CP135021.1	243	242	1	242	3.68e-115	429	1470492
SRR13258790.613948	CP135021.1	322	322	1	322	2.22e-163	590	1470492
